185 15.9566
196 14.6072
208 11.1923
220 9.16329
233 8.33904
247 6.88708
262 8.06006
277 5.18944
294 5.63495
311 3.33976
330 4.6056
349 2.81271
370 2.00576
392 1.71451
415 1.61869
440 1.36192
466 1.16652
494 1.15482
523 1.01042
554 1.01054
587 0.926075
622 0.924873
659 0.770179
698 0.785877
740 0.597317
784 0.565367
831 0.668284
880 0.5047
932 0.509462
988 0.533018
1046 0.566708
1109 0.48421
1175 0.546361
1244 0.614087
1319 0.605444
1397 0.482023
1480 0.469339
1568 0.479732
1661 0.524798
1760 0.481009
1865 0.468685
1976 0.492497
2093 0.40666
2217 0.451402
2349 0.450508
2489 0.419458
2637 0.373769
2794 0.378433
2960 0.356566
3136 0.325848
3322 0.34493
3520 0.317855
3729 0.303297
3951 0.312173
4186 0.371575
4435 0.360863
4699 0.33677
4978 0.458666
5274 0.358164
5588 0.595931
5920 0.694558
6272 0.93874
6645 0.757645
7040 1.10949
7459 3.16152
7902 2.66532
