185 20.9421
196 18.9994
208 14.3709
220 11.617
233 10.4618
247 8.51759
262 9.94481
277 6.24016
294 6.74914
311 3.8416
330 5.37191
349 3.13505
370 2.13032
392 1.7623
415 1.6333
440 1.31577
466 1.07539
494 1.05261
523 0.87702
554 0.869548
587 0.766218
622 0.758107
659 0.579133
698 0.591251
740 0.379733
784 0.341647
831 0.448958
880 0.270831
932 0.2733
988 0.295282
1046 0.327265
1109 0.239675
1175 0.300312
1244 0.3653
1319 0.353075
1397 0.228156
1480 0.21349
1568 0.221308
1661 0.261974
1760 0.217919
1865 0.204106
1976 0.223906
2093 0.143083
2217 0.181933
2349 0.17912
2489 0.149688
2637 0.108091
2794 0.110881
2960 0.0909362
3136 0.0639655
3322 0.0791084
3520 0.0558677
3729 0.0433483
3951 0.0499455
4186 0.0964492
4435 0.0868428
4699 0.0671021
4978 0.159282
5274 0.0814837
5588 0.257142
5920 0.326009
6272 0.498189
6645 0.36212
7040 0.604505
7459 2.01866
7902 1.65047
