33 0.0763009
35 0.0435614
37 0.0319463
39 0.158561
41 0.265524
44 0.135755
46 0.122025
49 0.0973935
52 0.204601
55 0.237823
58 0.038
62 0.0996041
65 0.0330601
69 0.0615634
73 0.128676
78 0.187498
82 0.194795
87 0.0457535
92 0.143243
98 0.160735
104 0.236751
110 0.986847
117 1.1269
123 1.88487
131 2.55432
139 2.2259
147 3.82571
156 3.60749
165 6.20767
175 6.11572
185 9.55012
196 10.4477
208 13.7083
220 16.8288
233 18.5436
247 22.6003
262 19.206
277 30.3678
294 27.8554
311 48.5475
330 34.4384
349 58.5317
370 85.4333
392 102.423
415 109.594
440 134.902
466 163.662
494 165.778
523 197.259
554 197.229
587 221.869
622 222.264
659 288.362
698 279.915
740 431.882
784 475.637
831 358.608
880 588.928
932 578.119
988 530.001
1046 473.623
1109 640.451
1175 506.14
1244 411.99
1319 422.007
1397 646.488
1480 683.872
1568 652.936
1661 545.855
1760 649.325
1865 685.918
1976 618.564
2093 957.485
2217 744.778
2349 748.1
2489 885.174
2637 1211.94
2794 1167.92
2960 1407.58
3136 1977.63
3322 1580.11
3520 2210.58
3729 2814.41
3951 2412.63
4186 1233.81
4435 1353.02
4699 1728.71
4978 718.851
5274 1386.78
5588 433.613
5920 337.414
6272 217.789
6645 295.482
7040 174.523
7459 51.5194
7902 62.1036
